1
2
3
3
5
6
7
7
10
11
12
12
12
14
14
15
16
17
17
19
19
20
21
22
23
23
26
26
27
29
30
30
30
30
31
31
32
34
35
35
38
38
41
41
41
42
43
44
45
47
48
48
49
50
50
51
52
53
53
53
53
56
56
58
59
59
60
61
62
64
64
64
66
68
69
69
71
72
74
75
77
77
78
78
81
82
83
83
83
84
84
84
88
88
89
89
90
91
92
95
95
96
97
98
99
99
100
102
104
104
104
105
105
106
107
108
110
112
113
113
114
116
118
118
118
118
118
119
120
120
122
122
123
124
124
125
125
125
125
126
127
128
129
129
131
131
131
132
133
133
133
134
135
135
136
137
138
139
142
142
142
142
143
144
145
145
147
148
148
148
150
153
154
155
157
159
160
160
162
163
164
164
164
166
169
169
170
173
175
175
176
176
176
177
178
180
180
180
180
180
181
182
183
183
184
184
185
185
186
186
187
188
189
192
195
195
196
196
198
198
198
200
202
202
202
204
208
208
209
209
211
213
213
214
215
215
216
219
222
224
224
227
227
227
227
227
228
229
230
231
231
232
235
236
236
236
237
240
240
241
242
243
244
244
246
246
247
248
248
248
248
250
250
250
253
253
254
254
257
257
259
261
262
262
263
265
266
266
268
268
268
271
271
271
273
273
274
276
277
277
280
281
281
282
282
284
285
286
286
286
287
288
288
290
290
290
291
293
294
296
300
300
301
304
307
307
307
308
309
310
311
312
313
314
314
315
316
317
318
318
321
323
323
323
323
323
324
324
325
325
325
327
328
331
331
331
332
333
333
334
335
336
339
346
346
346
347
347
347
348
350
353
353
354
355
355
356
357
357
358
359
359
359
360
361
361
362
362
364
365
365
366
367
370
373
375
375
377
377
377
377
378
378
379
380
381
382
382
382
385
386
386
387
387
388
388
391
392
394
397
399
399
400
401
401
402
402
402
403
403
406
406
406
410
410
410
414
415
416
417
419
420
421
422
423
423
424
424
425
425
426
426
427
427
429
431
433
434
438
438
439
439
445
447
448
448
452
452
452
455
455
457
457
458
459
459
459
461
462
464
465
467
472
472
473
473
474
474
474
478
484
485
485
487
487
488
488
490
491
491
492
493
493
493
493
493
497
498
499
499
499
500
