3
3
3
5
6
6
9
11
14
15
16
16
18
19
20
20
22
24
26
27
27
28
29
29
29
29
30
30
31
34
34
36
36
37
39
40
41
42
42
44
44
45
47
47
47
48
48
49
50
53
54
54
55
55
57
58
60
60
61
61
63
65
67
70
73
73
74
75
76
78
79
80
81
84
88
88
89
91
94
94
94
96
96
96
97
97
97
98
98
98
98
101
101
102
103
103
103
107
109
109
110
112
112
114
114
115
115
116
117
118
119
120
122
122
123
124
124
126
127
130
130
130
131
132
133
133
134
136
137
138
139
140
142
145
147
147
147
149
150
151
151
152
152
152
153
155
156
156
156
157
157
157
158
158
159
159
159
159
163
163
165
165
167
169
170
170
170
179
184
186
187
190
190
190
192
194
194
195
197
198
201
203
204
205
208
209
210
211
212
212
212
213
213
214
215
216
216
219
219
221
221
224
225
228
229
229
231
231
233
234
235
237
237
237
237
238
239
239
239
243
245
245
246
249
250
250
251
251
252
252
254
257
259
260
261
261
262
263
263
263
264
264
265
266
267
267
269
269
271
273
277
277
278
278
279
279
280
281
282
282
282
284
286
287
288
289
290
290
292
293
294
296
297
297
297
298
298
299
299
299
300
300
301
303
304
305
305
309
309
309
314
314
315
316
319
319
321
323
324
324
326
326
326
327
328
330
331
332
333
333
333
336
338
338
338
339
342
342
343
343
346
347
347
348
349
349
349
350
352
353
353
353
354
356
357
357
358
358
358
359
360
361
361
362
364
365
368
368
368
369
370
370
371
371
371
372
372
372
373
373
374
374
378
378
379
379
381
382
382
382
383
383
384
387
388
389
389
389
391
397
397
397
397
398
399
400
400
400
400
402
404
405
407
410
411
413
414
414
417
417
418
419
421
421
421
422
422
422
423
427
427
429
430
431
432
432
433
433
434
435
435
435
436
436
437
437
438
438
439
441
442
443
443
443
444
447
448
449
449
450
451
453
454
454
455
458
458
458
458
460
461
464
464
465
465
466
466
466
467
468
469
469
469
469
469
469
470
470
474
474
475
475
476
476
478
479
480
484
484
486
486
487
489
489
490
490
497
499
